========== 量子态层析结果 ==========
文件编号: 2
处理时间: 13-Sep-2025 15:45:15

========== Chi^2 值 ==========
线性求解 chi^2: 4.39054796e-04
最大似然法 chi^2: 3.18920335e-04

========== 纯度值 ==========
线性求解纯度: 9.28572955e-01
最大似然法纯度: 9.46264577e-01

========== 密度矩阵 (最大似然法) ==========
实部:
    0.471639	    0.068402	   -0.084377	   -0.463481
    0.068402	    0.015500	   -0.021996	   -0.071602
   -0.084377	   -0.021996	    0.038545	    0.097723
   -0.463481	   -0.071602	    0.097723	    0.474316

虚部:
    0.000000	   -0.023117	    0.038931	   -0.036307
    0.023117	    0.000000	   -0.003815	   -0.033764
   -0.038931	    0.003815	    0.000000	    0.047578
    0.036307	    0.033764	   -0.047578	    0.000000

复数形式 (a+bi):
  0.4716+  0.0000i	  0.0684 -0.0231i	 -0.0844+  0.0389i	 -0.4635 -0.0363i
  0.0684+  0.0231i	  0.0155+  0.0000i	 -0.0220 -0.0038i	 -0.0716 -0.0338i
 -0.0844 -0.0389i	 -0.0220+  0.0038i	  0.0385+  0.0000i	  0.0977+  0.0476i
 -0.4635+  0.0363i	 -0.0716+  0.0338i	  0.0977 -0.0476i	  0.4743+  0.0000i
