========== 量子态层析结果 ==========
文件编号: 1
处理时间: 13-Sep-2025 15:45:12

========== Chi^2 值 ==========
线性求解 chi^2: 7.18297898e-04
最大似然法 chi^2: 3.54296343e-04

========== 纯度值 ==========
线性求解纯度: 9.20958007e-01
最大似然法纯度: 9.48242926e-01

========== 密度矩阵 (最大似然法) ==========
实部:
    0.460420	   -0.085917	   -0.061803	    0.465086
   -0.085917	    0.018898	    0.011085	   -0.084106
   -0.061803	    0.011085	    0.025056	   -0.081643
    0.465086	   -0.084106	   -0.081643	    0.495625

虚部:
    0.000000	    0.027655	    0.032032	   -0.008341
   -0.027655	    0.000000	   -0.000591	   -0.029128
   -0.032032	    0.000591	    0.000000	   -0.027119
    0.008341	    0.029128	    0.027119	    0.000000

复数形式 (a+bi):
  0.4604+  0.0000i	 -0.0859+  0.0277i	 -0.0618+  0.0320i	  0.4651 -0.0083i
 -0.0859 -0.0277i	  0.0189+  0.0000i	  0.0111 -0.0006i	 -0.0841 -0.0291i
 -0.0618 -0.0320i	  0.0111+  0.0006i	  0.0251+  0.0000i	 -0.0816 -0.0271i
  0.4651+  0.0083i	 -0.0841+  0.0291i	 -0.0816+  0.0271i	  0.4956+  0.0000i
